1003199410000,38882617,
1015197510001,14053404,
1028198310002,17258236,
1028199710003,90563032,
1011197610004,18271626,
1010197010005,84810246,
1026199010006,85818687,
1008196110007,81663566,
1005196810008,54153024,
1008197910009,95571544,
1007197310010,47768624,
1002196610011,32106338,
1020199010012,92233027,
1000198110013,51253433,
1013199710014,72671564,
1005197010015,70050047,
1029196110016,46008222,
1028198710017,60452682,
1012198210018,11375587,
1017199210019,67221700,
1012196310020,84177631,
1012199410021,72153135,
1006196310022,85711805,
1017198310023,17657714,
1000199510024,82016561,
1014198510025,95741325,
1017197210026,11564781,
1019198010027,54364824,
1001196810028,15731301,
1028197710029,54743850,
1007196310030,28645132,
1027198710031,14570104,
1018197110032,84604355,
1029199510033,46432461,
1019198210034,21632033,
1026199010035,87457586,
1024196410036,58800667,
1016197910037,66657323,
1016198110038,65031623,
1008198110039,38644765,
1020198810040,66110168,
1016197410041,73220281,
1019199410042,63120876,
1005199110043,50838723,
1029197810044,82685757,
1007199410045,56234787,
1028199110046,74861345,
1004196410047,98311282,
1003197810048,63668142,
1002196610049,75704316,
1024199310050,67762216,
1027196310051,74308246,
1016197310052,20856741,
1006197610053,43841642,
1011196410054,34517382,
1017196310055,20236663,
1023198510056,83363542,
1002197810057,97715187,
1007197010058,67346086,
1010197010059,71607170,
1005196210060,66243408,
1020199610061,90317833,
1008199710062,51651378,
1015198010063,86844417,
1023196710064,76007264,
1027199410065,40166552,
1020197510066,65885247,
1024197910067,52672833,
1003196910068,33588275,
1029199110069,25648857,
1015197010070,46785680,
1000199510071,35330472,
1023196610072,66673670,
1009198910073,14407365,
1011196710074,11665228,
1004196110075,44378255,
1018199010076,75187218,
1017196610077,58277774,
1003199310078,22521005,
1017198610079,44657658,
1016196310080,71062638,
1023198810081,16608148,
1019198510082,22507558,
1003196210083,98511483,
1012197110084,51161085,
1010199010085,64827214,
1015198810086,56832242,
1001197310087,11460523,
1011199610088,86330848,
1011196610089,85250465,
1016196810090,13857163,
1003198610091,73042081,
1013196710092,63465087,
1024196110093,45464544,
1012198010094,60286623,
1027198510095,17840768,
1022198710096,34464528,
1024196010097,10581028,
1006196910098,98540518,
1015198110099,73871713,
1001197710100,11530583,
1000197210101,20265005,
1024198810102,16468523,
1026198910103,66653753,
1022198710104,91320121,
1024198610105,16883726,
1023196510106,52461032,
1029198410107,11176361,
1003198310108,92870444,
1027198210109,65665342,
1020199010110,43080517,
1010197310111,48871620,
1026196610112,42115787,
1003196610113,60348512,
1028198310114,92485317,
1011198110115,92323052,
1027198910116,44336513,
1010198110117,88753403,
1017199710118,14240418,
1011197310119,67216871,
1027196410120,26834126,
1029198810121,55821108,
1024198610122,48104835,
1016199710123,42756614,
1020196710124,66300117,
1023196010125,56733220,
1029197010126,25678508,
1011198610127,17004747,
1025196410128,15616636,
1029196010129,46573751,
1021199410130,81035147,
1020197210131,56122652,
1010197810132,61546650,
1017196810133,57880501,
1003197710134,51007580,
1003196110135,46457836,
1029198610136,50614784,
1017198310137,92785317,
1023198410138,80543412,
1013198910139,88530844,
1022199110140,43585140,
1016196910141,21367105,
1005197510142,81652473,
1024198210143,76623807,
1025197410144,15433357,
1009197610145,53145688,
1023197910146,18101506,
1013198510147,94424350,
1012196210148,52454272,
1026199610149,64405400,
1024199610150,74724760,
1012196310151,31067285,
1023196210152,91536273,
1016199510153,26026853,
1022197010154,97738706,
1007199710155,87358447,
1022199610156,38105307,
1027196810157,97324457,
1021196610158,70162800,
1009198010159,72536632,
1015198010160,32701315,
1007199110161,72546741,
1013197610162,68551476,
1026196610163,41310258,
1021197810164,95344460,
1024198510165,14622587,
1021199110166,36630425,
1020197610167,93266866,
1020196910168,71076866,
1023197510169,25020726,
1003197710170,94338564,
1029198610171,32706530,
1010196510172,41066618,
1029198710173,38508112,
1023196110174,24358187,
1015199310175,76255367,
1028197910176,25301646,
1005196910177,58101245,
1023197210178,30377011,
1028197910179,18677582,
1002197510180,40313631,
1012198510181,46562545,
1017196910182,70827336,
1007198110183,16440035,
1006198110184,91532440,
1016199710185,86571876,
1009197410186,27113675,
1001198710187,11833104,
1010196210188,20401121,
1010197110189,77604023,
1025198210190,30434148,
1021196310191,31046201,
1024198810192,88821755,
1008199410193,97812268,
1003196310194,38111515,
1028198610195,32454604,
1008196110196,63505656,
1006196910197,94140536,
1010198010198,24317005,
1019199110199,41874683,
1009198010200,94133405,
1029197210201,94755753,
1028196310202,17685610,
1000198610203,96247375,
1017198310204,42885010,
1007196710205,70566071,
1000198810206,87824221,
1016196710207,63538454,
1010196010208,17466440,
1026198310209,40810452,
1026198210210,32586008,
1008196210211,60682160,
1027197010212,75366684,
1003197810213,80205424,
1019199010214,33412164,
1005199310215,68330842,
1000196010216,26152263,
1010198110217,73186617,
1010198910218,47277136,
1012199710219,97880682,
1018197110220,80151712,
1026196010221,94726455,
1005199510222,61782656,
1023199410223,97302382,
1000197310224,41576242,
1025198910225,57072483,
1011196410226,63832533,
1023199510227,10273877,
1023199010228,94806481,
1015196010229,91073063,
1005198810230,67256617,
1015197410231,30832844,
1014198410232,58350544,
1012198610233,98470573,
1015199010234,86081352,
1014198810235,28533358,
1006196010236,85467571,
1007196210237,91620464,
1026197310238,56706311,
1006197610239,63511567,
1004196810240,10665442,
1013196810241,70525182,
1004198510242,26612038,
1008196110243,23676074,
1029199710244,40103715,
1011196310245,70700486,
1006199610246,43207146,
1009196410247,73244824,
1001197110248,22435418,
1008199110249,53070765,
1006199310250,27226004,
1013198510251,45682207,
1013196410252,61818164,
1008198510253,93313557,
1022197910254,65575318,
1027196910255,37457026,
1004199710256,98314427,
1017196410257,41350320,
1006197610258,48412843,
1000199710259,32047001,
1014198910260,57410338,
1019199510261,20636524,
1013199410262,81504016,
1025197310263,93041240,
1015197110264,87523811,
1007198810265,51615248,
1000198710266,17316216,
1023197910267,26754302,
1023199410268,13521680,
1025199410269,22563010,
1010199310270,26501526,
1007198810271,46133315,
1025196410272,43814663,
1001198510273,34886123,
1001197310274,54160388,
1000196910275,11811586,
1004198910276,37600420,
1008199510277,37567527,
1005197810278,65136062,
1004196310279,45428360,
1018196710280,62825135,
1000198110281,96583712,
1014198710282,61200188,
1009196310283,72676335,
1001197310284,70557403,
1019198310285,95477530,
1026197010286,28606747,
1012198210287,75014227,
1006199610288,21450264,
1012198010289,96328625,
1014198110290,12084521,
1011199110291,68253585,
1014197310292,54234863,
1014196310293,41317754,
1009198810294,78717871,
1014198010295,10225247,
1023199010296,30625447,
1024196010297,85235188,
1024196710298,20685084,
1014196010299,34037247,
1006197710300,43778254,
1009197310301,21187505,
1011196110302,48407727,
1019197210303,15758311,
1021196210304,68341581,
1012198010305,33050763,
1002197110306,63366081,
1027196910307,41324323,
1022196510308,26074847,
1021198210309,43505220,
1011199310310,72808442,
1000199710311,46878258,
1018199510312,60022500,
1008198210313,26467712,
1015196310314,44021475,
1017198710315,77657561,
1019197910316,32575061,
1006199610317,13384006,
1019197910318,67821474,
1017196510319,58020487,
1012196710320,32240676,
1018196810321,65270447,
1020198810322,54726787,
1029197910323,96843801,
1026198510324,23325103,
1029196710325,74177300,
1011197410326,50305762,
1029198710327,40056873,
1016196910328,43270304,
1014197010329,56062505,
1002196810330,37012451,
1020196210331,62862447,
1013199310332,91320606,
1019196710333,61302242,
1024198410334,64683286,
1010196310335,30672857,
1002198510336,16801073,
1011196910337,44006144,
1006196210338,37670060,
1029196610339,26427445,
1024199610340,40873478,
1009197310341,32554370,
1003196010342,54857705,
1011196010343,88006031,
1025198310344,52884881,
1007196610345,51413083,
1011197910346,93707771,
1028196310347,21757337,
1026196710348,84744678,
1026198110349,28553411,
1001197410350,90522210,
1028198710351,65270266,
1011198710352,37868245,
1003196610353,10604548,
1029197310354,20027846,
1004199510355,33315321,
1014197210356,98772783,
1025199610357,71528147,
1013197410358,98134113,
1017199710359,22725240,
1022196610360,52364472,
1017197710361,55323035,
1010197910362,77706415,
1022197510363,96310356,
1003197210364,21616456,
1028197810365,61671732,
1005196510366,74061710,
1020197110367,96534110,
1013198810368,94130386,
1022199510369,93510055,
1013197410370,83146422,
1025196710371,94523372,
1023197210372,57101503,
1027196210373,73738730,
1010199610374,45340735,
1021197610375,92120846,
1020196210376,85571836,
1023196110377,78883046,
1018198210378,54755163,
1008198810379,10584673,
1009199610380,34200368,
1029198510381,57088008,
1013198110382,94842317,
1028196910383,85164674,
1009199010384,52675451,
1003197510385,86540418,
1028199510386,27022824,
1000197510387,64421082,
1025199310388,66381411,
1013198810389,84138142,
1010196810390,70854842,
1027196910391,93782157,
1008198710392,52711408,
1019197410393,31137526,
1005197310394,71660245,
1008198710395,82622413,
1028199610396,38450077,
1027196110397,88758576,
1002196710398,90854308,
1004198510399,24206853,
1015196310400,42054833,
1021197810401,86636486,
1001198610402,44825140,
1014199510403,16668820,
1023197410404,71534643,
1012196610405,58070073,
1016197010406,91786613,
1015198210407,55642768,
1015197010408,56884627,
1004196310409,97214213,
1015196010410,83044718,
1005198010411,53546007,
1023197210412,12447175,
1003198610413,88138822,
1013199310414,70425144,
1002199010415,46145355,
1011199010416,42242648,
1004199510417,57537448,
1012198610418,57702181,
1023198310419,65050104,
1014198110420,12523272,
1028198310421,55568854,
1012196110422,23273424,
1006199410423,40582252,
1025196810424,67647062,
1010199010425,83282113,
1004196410426,88844367,
1027196410427,33136077,
1025196010428,80158176,
1029199610429,65880301,
1023199410430,36020567,
1025197910431,76841824,
1013196810432,11633274,
1008196410433,52438828,
1029197710434,62624045,
1012198810435,70147438,
1016199610436,14881543,
1007198310437,37662778,
1005199110438,48040340,
1022196710439,93130738,
1006198710440,26814274,
1020199510441,42724680,
1017198810442,97650750,
1015196310443,67357015,
1015197510444,63177756,
1027199010445,28780406,
1013197610446,83761161,
1011197210447,91461688,
1021198810448,43201773,
1009196910449,46450454,
1018198010450,35800111,
1019198810451,74573370,
1018196410452,72162207,
1015199010453,20660365,
1004198810454,75703432,
1012198010455,47158680,
1011199210456,20331867,
1010196710457,46234857,
1021197010458,65726240,
1002197610459,60538634,
1018198510460,28086864,
1018197510461,16645633,
1027197710462,25471474,
1000197110463,77366880,
1026198210464,96202366,
1006197710465,30602420,
1022197210466,77110140,
1017197010467,57000515,
1009197710468,83175182,
1002198610469,74756777,
1029199110470,62680832,
1026199710471,91870344,
1019199310472,96274335,
1021197510473,86510647,
1000199310474,77730734,
1029198610475,23636365,
1027199110476,68702536,
1029197510477,58220146,
1019196310478,12656121,
1004199210479,50323355,
1011199610480,27818883,
1022196410481,40233142,
1015199110482,38220722,
1020199210483,37127853,
1013197410484,35842653,
1010197710485,76528010,
1013199710486,55325050,
1023199310487,64646060,
1026197810488,53765785,
1024197710489,25651346,
1023197110490,57832337,
1017199610491,93758456,
1002199010492,71528648,
1027197510493,77344720,
1017198610494,12407830,
1002197410495,76582250,
1011196510496,46131537,
1010197510497,20224664,
1016196210498,80554281,
1023196110499,71222073,
1029198510381,85405546,
1028199510386,22706011,
1001197410350,21730361,
1023199010228,71150763,
1013197610446,31874651,
1019197910316,90437688,
1005199110438,80618115,
1010197910362,34745515,
1025197910431,82126388,
1020196910168,31802364,
1006197610239,24058504,
1019199010214,97787581,
1009196310283,88543254,
1003197710170,12406227,
1019199010214,90507501,
1017198810442,61552513,
1019197910316,62552005,
1014197010329,85506420,
1006198110184,18282280,
1017196810133,21220560,
1014197310292,35107030,
1000199710259,61800211,
1007199710155,68784207,
1014198910260,47244013,
1010197010059,50038743,
1013196410252,80500110,
1017196810133,34780408,
1015198810086,23288056,
1013199710486,70833627,
1011198110115,74077428,
1006197610239,50282668,
1012198510181,85072381,
1027198910116,94452811,
1017197010467,28231451,
1009199010384,30084028,
1001197410350,32632827,
1003196910068,96857771,
1007199710155,42120681,
1007198110183,35313847,
1024198810192,50061527,
1007198810265,14505472,
1028198310002,55674861,
1022197510363,63412160,
1016197910037,73837822,
1002199010492,15443156,
1012198810435,71500026,
1016197910037,77231565,
1017197010467,36831517,
1026196010221,90357638,
1022197210466,20683385,
1026196710348,84756424,
1012196710320,64677866,
1016197010406,44383602,
1019197910316,74002332,
1025198310344,37418604,
1023198410138,38081163,
1013198110382,76742128,
1016196210498,23020530,
1023199010228,34178148,
1024197910067,68766034,
1010196310335,61354663,
1000198810206,73154436,
1014196010299,53056031,
1024196010297,17432780,
1014198010295,68682665,
1010196010208,33037703,
1003199310078,37138100,
1015196310314,43183578,
1021197010458,64418322,
1001197410350,53617155,
1004199710256,55841230,
1023198810081,85715568,
1023197510169,64263547,
1022199610156,22537870,
1025197410144,24243264,
1017198610079,18488081,
1018196410452,41176444,
1001197110248,67310338,
1004198510242,21266613,
1023199410430,70125140,
1027199010445,96860457,
1009198010159,57743376,
1017197710361,81854541,
1013196810241,33468746,
1012198210287,22144440,
1029199110069,27648481,
1006197610258,80270860,
1005198810230,32535804,
1001197110248,47284537,
1015197510444,16683163,
1004198510399,54675884,
1012198010289,37132612,
1006197610258,93744880,
1017199710118,10331884,
1023196110377,76847848,
1028198710351,31586464,
1029196710325,46248445,
1003196610353,37068473,
1028199510386,15232705,
1019197910316,62440267,
1019199410042,71703056,
1029197310354,68647666,
1007197010058,57270104,
1020196210376,92280532,
1008196410433,71654878,
1005199110438,14063564,
1029199610429,46568484,
1023197910267,97054334,
1025196010428,82182644,
1003197710170,66627213,
1010196210188,50768834,
1019197910316,16152128,
1019198310285,43031335,
1009199010384,91857128,
1007199710155,37054468,
1010196210188,62785016,
1004196410047,60108602,
1008198110039,40737085,
1014198510025,91381765,
1025197410144,42243111,
1025198910225,62287103,
1008198710395,84733121,
1014199510403,42345848,
1012198010094,87237326,
1008199110249,63327658,
1003198610413,56053620,
1029198410107,42531622,
1004198910276,23483543,
1017198310137,35011242,
1028196310347,44088875,
1005197510142,82401347,
1010197710485,55174786,
1002196710398,45356207,
1025198910225,94564581,
1006196910098,23205210,
1019198310285,82567407,
1004199210479,12243871,
1016196910141,68250514,
1009199610380,38032326,
1026198210464,52038233,
1010198910218,85250726,
1025197910431,24057345,
1022197210466,70677740,
1001198710187,84784518,
1015198010063,83400818,
1019197410393,92103227,
1022197210466,44075826,
1016197010406,68470584,
1013199710014,51564471,
1002197510180,15786734,
1027198210109,64407857,
1023198310419,63763036,
1029196710325,51515178,
1010197110189,68232022,
1011196910337,90035376,
1029199610429,38523576,
1005198010411,86288381,
1025198910225,46185123,
1000199310474,97136582,
1002196710398,86886706,
1020197510066,23287274,
1022199610156,64667464,
1016197310052,24820683,
1013198510147,62730811,
1002199010492,43601741,
1008199510277,71410602,
1010197310111,67733137,
1005196810008,15821051,
1013198810389,30541574,
1017199210019,67718043,
1024196010097,93575846,
1017198310137,52304724,
1025196410272,35040864,
1002196610049,70506645,
1013197410370,60455342,
1000198110013,35416342,
1017196610077,35448472,
1027196310051,78365143,
1026196610163,66502271,
1008198210313,76107102,
1016196310080,56803132,
1010199610374,40522580,
1016197010406,77215723,
1005198810230,45844523,
1023196610072,78263015,
1019198010027,30526020,
1004196810240,97661708,
1019199410042,21828372,
1019199310472,57107768,
1016199510153,47530123,
1022196710439,54455702,
1020197210131,76674634,
1026196010221,97287171,
1023197210178,93626822,
1029197910323,28776373,
1003197210364,71635704,
1023197110490,60724640,
1020199510441,93536312,
1023198510056,26700037,
1011196910337,25447241,
1019196310478,46145365,
1016197010406,40466807,
1020197510066,42432626,
1024198210143,61163826,
1010196210188,25086714,
1029198610475,53306043,
1023197410404,82767608,
1016199610436,56140664,
1006197710465,87825443,
1029198610136,62642705,
1022198710096,55147384,
1019199110199,85876388,
1004196410426,26086367,
1005196810008,14481581,
1005196910177,17582615,
1017197210026,80867078,
1005198010411,86402268,
1024198410334,73284472,
1026199010035,40415358,
1010198910218,38737017,
1022198710096,61734507,
1013197410484,31678674,
1020199510441,20865552,
1016196910141,87324422,
1012198810435,28847106,
1024198210143,86706353,
1007198810271,20766328,
1004196310279,41515631,
1021197610375,20573867,
1029197510477,54004840,
1015198010063,85575051,
1012196310020,23210504,
1011197910346,76615718,
1003197810048,13237033,
1027198910116,41254125,
1023199510227,85166707,
1029197810044,34224012,
1012198510181,93288554,
1013197410370,55887271,
1011196710074,42741741,
1028198710017,23042633,
1013199310414,70873434,
1028196310347,60835864,
1008198810379,75785458,
1019199410042,83515458,
1005197510142,83864803,
1026196610112,83188604,
1023199410268,47186785,
1011196310245,92757000,
1026196010221,70062510,